{
 "cells": [
  {
   "cell_type": "code",
   "execution_count": null,
   "metadata": {
    "collapsed": false
   },
   "outputs": [],
   "source": [
    "%matplotlib inline\n",
    "from matplotlib import pyplot as plt\n",
    "import matplotlib as mpl\n",
    "import math\n",
    "import numpy as np\n",
    "import networkx as nx\n",
    "import random as rn\n",
    "import scipy\n",
    "import igraph\n",
    "from matplotlib import colors\n",
    "import scipy.io as sio"
   ]
  },
  {
   "cell_type": "markdown",
   "metadata": {},
   "source": [
    "# Data Pipeline for MEG/EEG Functional Brain Networks"
   ]
  },
  {
   "cell_type": "markdown",
   "metadata": {},
   "source": [
    "The first component of the data pipeline is to read the file into Python from Matlab. The MEG/EEG.fif file is arranged in Matlab is such a way that it saves the data as a large multidimensional array. The data is then saved in Matlab as a .mat file which can then be called into Python in the following manner:"
   ]
  },
  {
   "cell_type": "markdown",
   "metadata": {},
   "source": [
    "### 1. Read in Data from Matlab and plot single/multi-channel time series"
   ]
  },
  {
   "cell_type": "code",
   "execution_count": 102,
   "metadata": {
    "collapsed": false
   },
   "outputs": [],
   "source": [
    "# MEG_DICT = sio.loadmat('ans.mat') # MEG dictionary saved in Matlab - in this case it is closed eye resting state.\n",
    "# MEG_DATA = MEG_DICT.items() # Accesses the dictionary elements\n",
    "# single_channel = []\n",
    "# multi_channel = []\n",
    "\n",
    "MEG_DICTex1 = sio.loadmat('ans_ex1.mat') # MEG dictionary saved in Matlab - in this case it is closed eye resting state.\n",
    "MEG_DATAex1 = MEG_DICTex1.items() # Accesses the dictionary elements\n",
    "single_channelex1 = []\n",
    "multi_channelex1 = []\n",
    "\n",
    "MEG_DICTex3 = sio.loadmat('ans_ex3.mat') # MEG dictionary saved in Matlab - in this case it is closed eye resting state.\n",
    "MEG_DATAex3 = MEG_DICTex3.items() # Accesses the dictionary elements\n",
    "single_channelex3 = []\n",
    "multi_channelex3 = []\n",
    "\n",
    "# The data is read in as a large dictionary of lists. It can be accessed using the appropriate indexes\n",
    "# Individual channels (sensor - time series) or data points can be accessed with the below indexing calls\n",
    "# [header][row list][row][entry in row] - must be as shown [1][1][X][Y] \n",
    "# 1 is the dictionary key with values that contain all the data.\n",
    "# 1 is the list of data channels in rows - X is the chosen row and Y is the data point in that row.\n",
    "\n",
    "# access single channel and all data Y in time series X\n",
    "# single_channel.extend(MEG_DATA[1][1][0][range(0,1000)])\n",
    "\n",
    "# # Access multiple channels and select data points in loop\n",
    "# for i in range(0,10):\n",
    "#     multi_channel.append(MEG_DATA[1][1][i][range(1,50)])\n",
    "\n",
    "# access single channel and all data Y in time series X\n",
    "single_channelex1.extend(MEG_DATAex1[1][1][0][range(0,100)])\n",
    "\n",
    "# Access multiple channels and select data points in loop\n",
    "for i in range(0,10):\n",
    "    multi_channelex1.append(MEG_DATAex1[1][1][i][range(0,20)])\n",
    "    \n",
    "    \n",
    "# access single channel and all data Y in time series X\n",
    "single_channelex3.extend(MEG_DATAex3[1][1][0][range(0,100)])\n",
    "\n",
    "# Access multiple channels and select data points in loop\n",
    "for i in range(0,10):\n",
    "    multi_channelex3.append(MEG_DATAex3[1][1][i][range(0,20)])\n",
    "    \n",
    "    \n",
    "# Example plots of the time series\n",
    "# Single channel plot\n",
    "# plt.plot(single_channelex1)\n",
    "# plt.show()\n",
    "\n",
    "# Multi-channel plot\n",
    "# K = len(multi_channel)\n",
    "# for j in range(0,K):\n",
    "#     plt.plot(multi_channel[j])\n",
    "# plt.show()\n",
    "\n",
    "# J = len(multi_channelex1)\n",
    "# for j in range(0,J):\n",
    "#     plt.plot(multi_channelex1[j])\n",
    "# plt.show()\n",
    "\n",
    "# H = len(multi_channelex3)\n",
    "# for j in range(0,H):\n",
    "#     plt.plot(multi_channelex3[j])\n",
    "\n",
    "# print multi_channel[0][0]\n",
    "# print multi_channelex[0][0]\n",
    "\n",
    "# plt.plot(single_channel)\n",
    "# plt.show()\n",
    "# plt.plot(single_channelex)\n",
    "\n",
    "# print multi_channelex1"
   ]
  },
  {
   "cell_type": "markdown",
   "metadata": {},
   "source": [
    "### 2. Channel Analysis of MEG Data"
   ]
  },
  {
   "cell_type": "code",
   "execution_count": 104,
   "metadata": {
    "collapsed": false
   },
   "outputs": [
    {
     "name": "stdout",
     "output_type": "stream",
     "text": [
      "[[ 7.54169887  5.58845979  4.41548175  7.46421915]\n",
      " [ 5.58845979  6.02105042  4.41725804  6.52798064]\n",
      " [ 4.41548175  4.41725804  4.11417717  5.41196943]\n",
      " [ 7.46421915  6.52798064  5.41196943  9.24446935]]\n",
      "\n",
      "[[ 7.54169887  5.58845979  4.41548175  7.46421915]\n",
      " [ 5.58845979  6.02105042  4.41725804  6.52798064]\n",
      " [ 4.41548175  4.41725804  4.11417717  5.41196943]\n",
      " [ 7.46421915  6.52798064  5.41196943  9.24446935]]\n",
      "\n",
      "[[ 0.69822843 -0.1945979   0.08878552 -0.47832959]\n",
      " [-0.1945979   1.01922713 -0.63238886 -0.19238578]\n",
      " [ 0.08878552 -0.63238886  1.45115525 -0.47467302]\n",
      " [-0.47832959 -0.19238578 -0.47467302  0.90812821]]\n"
     ]
    }
   ],
   "source": [
    "scaled = [[] for x in range(len(multi_channelex1))]\n",
    "for i in range(len(multi_channelex1)):\n",
    "    for j in range(0,20):\n",
    "        scaled[i].append(abs(multi_channelex1[i][j]*10**13))\n",
    "# print scaled[0]\n",
    "# print scaled[1]    \n",
    "tester = [scaled[0], scaled[1], scaled[2], scaled[3]] \n",
    "# print tester\n",
    "#print tester\n",
    "#print\n",
    "cov = np.cov(tester)\n",
    "cov[0][1]\n",
    "print cov\n",
    "print\n",
    "#A = np.matrix([[cov[0][0],cov[0][1]],[cov[1][0],cov[1][1]]])\n",
    "A = np.matrix(cov)\n",
    "print A # matrix in numpy form\n",
    "print\n",
    "print A.I # Inverse matrix calculator\n",
    "# multi_channelex1[0]\n",
    "# multi_channelex1[1]\n",
    "# plt.plot(scaled)\n",
    "# plt.show()"
   ]
  },
  {
   "cell_type": "markdown",
   "metadata": {},
   "source": [
    "### 3. Time series segmentation for functional connectivity (defining the edges)\n",
    "Here we segment each time series into optimal discreet lengths ready for correlation and inverse covariance estimates"
   ]
  },
  {
   "cell_type": "code",
   "execution_count": 17,
   "metadata": {
    "collapsed": false
   },
   "outputs": [
    {
     "name": "stdout",
     "output_type": "stream",
     "text": [
      "[[ 1.          0.9279832   0.89008813  0.86671627  0.7584915   0.69942906\n",
      "   0.64614302  0.64303423  0.89727924  0.73716668]\n",
      " [ 0.9279832   1.          0.88134119  0.83005242  0.86774961  0.71070566\n",
      "   0.70142522  0.76025978  0.95486063  0.80423178]\n",
      " [ 0.89008813  0.88134119  1.          0.93144036  0.90325111  0.71130134\n",
      "   0.79554702  0.85704827  0.85220733  0.79626738]\n",
      " [ 0.86671627  0.83005242  0.93144036  1.          0.82155969  0.53082455\n",
      "   0.64485557  0.80698898  0.78592741  0.64787452]\n",
      " [ 0.7584915   0.86774961  0.90325111  0.82155969  1.          0.71792448\n",
      "   0.83572199  0.93735558  0.840434    0.81414715]\n",
      " [ 0.69942906  0.71070566  0.71130134  0.53082455  0.71792448  1.\n",
      "   0.8685682   0.56581053  0.79896538  0.92945048]\n",
      " [ 0.64614302  0.70142522  0.79554702  0.64485557  0.83572199  0.8685682\n",
      "   1.          0.82787729  0.73020195  0.81359396]\n",
      " [ 0.64303423  0.76025978  0.85704827  0.80698898  0.93735558  0.56581053\n",
      "   0.82787729  1.          0.69899138  0.65245088]\n",
      " [ 0.89727924  0.95486063  0.85220733  0.78592741  0.840434    0.79896538\n",
      "   0.73020195  0.69899138  1.          0.89079414]\n",
      " [ 0.73716668  0.80423178  0.79626738  0.64787452  0.81414715  0.92945048\n",
      "   0.81359396  0.65245088  0.89079414  1.        ]]\n",
      "\n",
      "[[ 1.          0.89898603  0.90296051  0.96993189  0.67358559  0.40967846\n",
      "   0.39143222  0.58530944  0.72046509  0.44893082]\n",
      " [ 0.89898603  1.          0.89085486  0.87977704  0.70986885  0.54486396\n",
      "   0.47515121  0.58407198  0.80967315  0.64998438]\n",
      " [ 0.90296051  0.89085486  1.          0.87997833  0.73225125  0.5780238\n",
      "   0.55950749  0.6944266   0.7342345   0.60199015]\n",
      " [ 0.96993189  0.87977704  0.87997833  1.          0.6774996   0.47036971\n",
      "   0.42000466  0.55533786  0.71865539  0.48889455]\n",
      " [ 0.67358559  0.70986885  0.73225125  0.6774996   1.          0.88299374\n",
      "   0.88784768  0.92231533  0.81594539  0.85391923]\n",
      " [ 0.40967846  0.54486396  0.5780238   0.47036971  0.88299374  1.\n",
      "   0.96352232  0.80856113  0.66558448  0.9287355 ]\n",
      " [ 0.39143222  0.47515121  0.55950749  0.42000466  0.88784768  0.96352232\n",
      "   1.          0.88375295  0.63849467  0.84112165]\n",
      " [ 0.58530944  0.58407198  0.6944266   0.55533786  0.92231533  0.80856113\n",
      "   0.88375295  1.          0.68911686  0.74540754]\n",
      " [ 0.72046509  0.80967315  0.7342345   0.71865539  0.81594539  0.66558448\n",
      "   0.63849467  0.68911686  1.          0.77420598]\n",
      " [ 0.44893082  0.64998438  0.60199015  0.48889455  0.85391923  0.9287355\n",
      "   0.84112165  0.74540754  0.77420598  1.        ]]\n"
     ]
    },
    {
     "name": "stderr",
     "output_type": "stream",
     "text": [
      "C:\\Users\\owner\\Anaconda\\lib\\site-packages\\matplotlib\\collections.py:571: FutureWarning: elementwise comparison failed; returning scalar instead, but in the future will perform elementwise comparison\n",
      "  if self._edgecolors == str('face'):\n"
     ]
    },
    {
     "data": {
      "image/png": "iVBORw0KGgoAAAANSUhEUgAAASsAAAD7CAYAAAAy7bIvAAAABHNCSVQICAgIfAhkiAAAAAlwSFlz\nAAALEgAACxIB0t1+/AAAF2lJREFUeJzt3X+wHlV9x/H3pwkBIyJaW3/E297oBAoOVaIGhFIfaTpG\nRqCtjhCl/qjjUGsQnYL8mJa5saOjFEYYgU7ESGVE02n8FR1CRkcuFbGYyCUCuaEEQXODqUhGEJWS\nK9/+sXvDw83zY5+7d58n5+7nNbMzz+6ePXui5Jvvnj17jiICM7MD3e8NugFmZkU4WJlZEhyszCwJ\nDlZmlgQHKzNLgoOVmSVhftkKJHnsg9kARYRmeu1M/v6WuV8ZpYMVQC9jtUZGRhgZGSlQ8u0zbk93\nhxQuOTIyxsjIsQVLf3BmzSni5KJtgJEHYGRxsbJDN8+wPQXs6aHsk8CCgmXvmUFbiho+v1i5ke/B\nyInF6z3lX2fWnm42zkIdEXsLl5UOmoU7zsysBCszS9nkoBtQiIOVWe05WLXUaDT6fctSGo0XDboJ\nPWscPugW9G7eoBvQo8bQoFswm54YdAMKcbDqotF48aCb0LPG8wbdgt4lF6z+aNAtmE1pZFZdhy5I\nWiFpu6T7JF3Qj0aZWT9N9rANTsfMStI84CpgObAL2CxpQ0SM96NxZtYPcyOzWgbsiIgHI3u/uQ44\nvfpmmVn//K6HbXC69VktAnY27U8Ax1XXHDPrv7mRWXl0utmcV67Pqlu/tqTnSfqqpK2Sbpf0iqZz\nh0taL2lc0jZJx7drZbfMahfQ/JJ2iCy7eobmEemNRiO5N35mqXiE3r4MKGbmQxcK9mtfDNwREX8t\n6Ujg6rw8wJXAjRHxVknzgWe3u1e3YLUFWCJpGHgIOANYOb1Qsc9nzKys38+3KTtmpdZSj4H7+rUB\nJE31azcHq6OATwBExL2ShiX9AdlXVidFxLvyc5PAo+1u1PExML94FbAJ2Ab8h98Ems01pR4DW/Vr\nL5pWZivwNwCSlgF/DLwUWAw8LOk6SXdIulbSwnat7DooNCI2MjvfS5rZAal9ZjU6Osbo6J2dLi7S\nr/0J4EpJY8BdwBjZq8UFwFJgVURslnQFcCFwSatK/G2gWe21D1aNxjE0Gsfs21+9+vPTi3Tt146I\nXwF/N7Uv6QHgx8ChwEREbM5PrScLVi158j2z2iv1GLivX1vSArJ+7Q3NBSQ9Nz+HpPcBt0TE4xGx\nG9gp6Yi86HI6zADkzMqs9mbewR4Rk5Km+rXnAWsjYlzS2fn5NcDRwL/nE/3dDby3qYpzgBvyYHY/\n8J5293KwMqu9crMutOrXzoPU1O/vA0e2uXYr8Noi93GwMqu9NEawO1iZ1V6tglUV86V/sYI6p5xW\nUb0fqKhe2iTR5V1T4Rzs36yu6uq07TEp58YN3cvMhO6djVpqFazMLF2DnU2hKAcrs9pzZmVmSXCw\nMrMkeMEIM0uCMyszS4KDlZklwcHKzJLgYGVmSXCwMrMk+G2gmSXBmZWZJcHBysyS4GBlZklwsDKz\nJHjWBTNLgjMrM0tCGkMXvBSXWe2VWooLSSskbZd0n6QLWpx/gaSbJN0p6W5J7246d5GkeyTdJemL\nkg5u10oHK7Pam3mwkjQPuApYQbbk1kpJR00rtgoYi4hXAQ3gcknzJQ0D7wOWRsQxZEt5ndmulQ5W\nZrVXKrNaBuyIiAcjYi+wDjh9WpmfAYflvw8DHomISeAxYC+wUNJ8YCHZCs8tuc/KrPZKdbAvAnY2\n7U8Ax00rcy3wHUkPAc8B3gYQEXskXQ78FPgtsCkivt3uRs6szGqvVGYVBW5wMXBnRLwEeBVwtaRD\nJb0c+BAwDLwEOFTSO9pVMkuZ1SGzU80zVLVcFkBF6yJxYkX1kv37VYEl1VQLwFkV1Tu8sqKKAb5a\nTbWPzcqSWVVpn1mNjj7K6OijnS7eBQw17Q+RZVfNTgA+BhAR90t6ADgKWAzcFhGPAEj6Sl72hlY3\n8mOgWe21H7rQaBxMo/GH+/ZXr54eh9gCLMk7yx8CzgCm/3OyHVgOfE/SC8lWwbwfeBK4RNKz8kYs\nB37Qri0OVma1N/M+q4iYlLQK2ET2Nm9tRIxLOjs/vwb4OHCdpK1kXU8fiYg9wB5J15MFvKeAO4DP\ntLuXg5VZ7ZUbwR4RG4GN046tafr9C+DUNtdeClxa5D4OVma1589tzCwJDlZmloQ0Zl3oOs5K0pCk\nm/Pvd+6W9MF+NMzM+qXct4H9UiSz2gt8OCLulHQo8ENJ34qI8YrbZmZ9kcasC12DVUTsBnbnvx+X\nNE422tTBymxOmIN9VvnAr2OB26tojJkNwhwLVvkj4Hrg3Ih4vPncyMjYvt+NxotoNF48aw00s6d9\nF7h11mudQ8FK0kHAl4EvRMTXpp8fGTl2tttlZi2clG9TPjErtc6RYCVJwFpgW0RcUX2TzKyvYo4M\nXSCbSuAs4A2SxvJtRcXtMrN+eaqHbYCKvA28Fc97ZTZ3PTnoBhTjEexmdTfgjKkoByuzukujy8rB\nyqz2nFmZWRKcWZlZEhyszCwJewfdgGJmKVhVMWvMByqoc0pVq9B8r6J6ge+qkmoLzSc7Q1V9QPrp\nL1VUMXDyP1ZT70erqXZ2OLMysyS4g93MkpBIZuWR6WZ1V/JzG0krJG2XdJ+kC1qcf4GkmyTdmc82\n/O6i1zZzsDKru9/1sE0jaR5wFbACOBpYKemoacVWAWMR8SqgAVwuaX7Ba/dxsDKruxLBClgG7IiI\nByNiL7AOOH1amZ8Bh+W/DwMeiYjJgtfu4z4rs7orN3RhEbCzaX8COG5amWuB70h6CHgO8LYert3H\nwcqs7jp0sI9ugdEfdrw6CtzhYuDOiGhIejnwLUmv7KWJ4GBlZh2GLjSWZtuU1dfuV2QXMNS0P0SW\nITU7AfgYQETcL+kB4Mi8XLdr93GflVndleuz2gIskTQsaQFwBrBhWpntwHIASS8kC1Q/LnjtPs6s\nzOquxKDQiJiUtArYBMwD1kbEuKSz8/NrgI8D10naSpYgfSQi9gC0urbdvRyszOqu5KDQiNgIbJx2\nbE3T718Apxa9th0HK7O6S2QEu4OVWd3Va9YFM0uWMyszS4JnXTCzJDizMrMkOLMysyQ4szKzJDhY\nmVkSPHTBzJLgzMrMkpBIB7siikxH06ECKeINs9SaZkdWUOeURRXV+92K6gXYVO7/p/ZeX1G9AAdX\nVG9VS6kBD4xUU+/iw7qXmQHpMSJixuu0SYpY20P591LqfmU4szKru0QyKwcrs7pzn5WZJcHBysyS\n4KELZpYE91mZWRLm0mNgvnLqFmAiIlpOT2pmiZpLwQo4F9hGtkChmc0liTwGdl2KS9JLgVOAzwID\nGQxmZhUqtxQXklZI2i7pPkkXtDh/nqSxfLtL0qSkwyUNSbpZ0j2S7pb0wU7NLJJZfQo4n6fXqjez\nuaTE28C8i+gqsnUBdwGbJW1oXlIrIi4DLsvLvxn4UET8UtIhwIcj4k5JhwI/lPStdstxdQxWecU/\nj4gxSY125UYeePp343BoPK/YH9TMejM6Osno6OTsVlquz2oZsCMiHgSQtA44HWi3/t/bgS8BRMRu\nYHf++3FJ48BL2l3bLbM6AThN0inAIcBhkq6PiHc2FxpZXOCPZGalNRrzaTSe/mu7evWT5Sst12e1\nCNjZtD8BHNeqoKSFwBuBf2hxbhg4Fri93Y06BquIuBi4OK/s9cB50wOVmSWuQ2Y1+tNs66CXL+xP\nBW6NiF82H8wfAdcD50bE4+0u7nWcVVWf/pvZoHQIVo1F2TZl9W37FdkFDDXtD5FlV62cSf4IOEXS\nQcCXgS9ExNc6NbPr28ApEXFLRJxWtLyZJeKpHrb9bQGWSBqWtAA4A9gwvZCk5wJ/Dny96ZiAtcC2\niLiiWzM9gt2s7kp0sEfEpKRVwCZgHrA2IsYlnZ2fX5MX/StgU0T8tunyE4GzgB9JGsuPXRQRN7W6\nl4OVWd2V/JA5IjYCG6cdWzNt//PA56cdu5Uenu4crMzqbo59bmNmc1Uin9s4WJnVnTMrM0tCnYLV\n0M2zUcszXVNBnVOWVFTvpRXVC/C5ylahuaWiegFuraba8ZOqqRfgvRXVe9slFVV8Xvkq/BhoZkmo\nU2ZlZgnzHOxmlgRnVmaWBPdZmVkSnFmZWRIcrMwsCX4MNLMkOLMysyR46IKZJcGZlZklwX1WZpYE\nZ1ZmlgQHKzNLgh8DzSwJiWRWhSdrN7M5am8PWwuSVkjaLuk+SRe0KdOQNCbpbkmj087Ny899o1Mz\nnVmZ1V2JzErSPOAqYDnZgqebJW2IiPGmMocDVwNvjIgJSS+YVs25wDbgOZ3u5czKrO7KLXK6DNgR\nEQ9GxF5gHXD6tDJvB74cERMAEfGLqROSXgqcAnwWUKdmOliZ1d3vetj2twjY2bQ/kR9rtgR4vqSb\nJW2R9LdN5z4FnE+Bbn4/BprVXbkO9ihQ5iBgKfAXwELg+5L+GzgS+HlEjElqdKvEwcqs7jrkNKNP\nwOj/dbx6FzDUtD9Ell012wn8Il86/reS/gt4JVkAO03SKcAhwGGSro+Id7a6kSKKBMb2JMXCUjW0\ndlYFdVZd999XVC/APfGXFdVc1aorAH9WUb0nV1QvsKiiZZV+Uk21OggiomNfT8frpYgX9lD+f595\nP0nzgXvJsqaHgB8AK6d1sP8JWSf8G4GDgduBMyJiW1OZ1wPnRcSp7e7tzMqs7koMCo2ISUmrgE3A\nPGBtRIxLOjs/vyYitku6CfhRfrdrmwNVc3Wd7uVgZVZ3JQeFRsRGYOO0Y2um7V8GXNahjlvosoil\ng5VZ3flzGzNLQiKf2zhYmdWdg5WZJSGRx8CuI9glHS5pvaRxSdskHd+PhplZnzzZwzZARTKrK4Eb\nI+Kt+ZiKZ1fcJjPrp0Qyq47BStJzgZMi4l2QjakAHu1Hw8ysPxLpsur6GLgYeFjSdZLukHStpCoG\nrJvZgJT7jrl/ugWr+WTf71wTEUuBXwMXVt4qM+ubcjPE9E+3PqsJYCIiNuf762kRrJr73eblm5nN\nvtFbsm02DTpjKqpjsIqI3ZJ2SjoiIv6HbDbAe6aXW1BV68zsGRqvz7Ypq/+lfJ2DzpiKKvI28Bzg\nBkkLgPuB91TbJDPrpwGPSCisa7CKiK3Aa/vQFjMbgLmUWZnZHDYn+qzMbO5zsDKzJPgx0MyS4MzK\nzJLgzMrMkjBnhi6Y2dxWq8xqvyHtB7jhldXU++kvVVNv5sRqqh0/qZp6AY56Q0UVf6eieoHXzXhV\nq86urqba2ZBKn5WXjzerubKzLkhaIWm7pPskXdDifEPSo5LG8u2fms4VntzTj4FmNVfmMVDSPLIF\nTJeTrc68WdKG5kVOc7dExGktqig8uaczK7OaK5lZLQN2RMSDEbEXWAec3qLcfs/XTZN7fg6yyT0j\nou3kng5WZjVXcj6rRcDOpv2J/FizAE6QtFXSjZKOzo/3NLmnHwPNaq7T0IWxfOug45LvuTuAoYj4\njaQ3AV8DjuDpyT1XRcRmSVeQzZd3SatKnFmZ1VynTOqVwLubthZ2AUNN+0Nk2dU+EfGriPhN/nsj\ncJCk59N6cs+l7drpYGVWcyX7rLYASyQN53PenQFsaC4g6YWSlP9eBigi9kTEbmCnpCPyoi0n95zi\nx0CzmiszzioiJiWtAjaRzWi+NiLGJZ2dn18DvBV4v6RJ4DfAmU1VFJ7c08HKrObKjmDPH+02Tju2\npun31bQZFtvL5J4OVmY1l8oIdgcrs5rbO+gGFORgZVZzzqzMLAm1mnXBzNLlzMrMkuBgZWZJ8GOg\nmSXBmZWZJcFDF8wsCc6szCwJ7rMysySkklkposjcWR0qkCLOn6XWNGv77fUs+GpF9e6pqF6AD1RU\n7zsqqhfgJxXV+7qK6gVYX+7vQ1vfqGbVHJ0GETHjyiXFFT2U/xDl7leGMyuzmvNjoJklIZXHQAcr\ns5rz0AUzS4IzKzNLgvuszCwJqWRWXVe3kXSRpHsk3SXpi5IO7kfDzKw/Sq5u0zcdg5WkYeB9wNKI\nOIZs9YozO11jZmkpuSIzklZI2i7pPkkXtLuPpNdKmpT0lqZjhZOhbpnVY2QvCxZKmg8sJFvU0Mzm\niDKZlaR5wFXACuBoYKWko9qU+yRwU9OxYXpIhjoGq4jYA1wO/BR4CPhlRHy70zVmlpa9PWwtLAN2\nRMSDEbEXWAec3qLcOWQrLj/cdKynZKhjB7ukl5ONsB8GHgX+U9I7IuKG5nIj33v6d2MIGn/UqVYz\nm6nRu7JtNpXsi1oE7GzanwCOay4gaRFZADuZbI3AgCwZkjSVDP0W2NQpGer2NvA1wG0R8Uh+068A\nJwDPDFYndv8TmVl5jWOybcrqdeXr7DR0YYKu/T5FPqa8ArgwIiJfRn5qKflCydCUbsFqO/DPkp4F\nPEG2Fv0PCjTOzBLRKbN6cb5N2bx/kV3AUNP+EFmMa/ZqYF0Wp3gB8KZ8KfmDKZAMTenWZ7UVuB7Y\nAvwoP/yZTteYWVpKDl3YAiyRNCxpAXAGsKG5QES8LCIWR8Risn6r90fE14F7geMlPSvPuJYD29q1\ns+ug0Ii4FLi0WzkzS1OZEewRMSlpFbCJ7G3e2ogYl3R2fn5Nh2u3SppKhp4C7qBDMuQR7GY1V3aw\nZ0RsBDZOO9YySEXEe6btF06GHKzMas6zLphZEgb9GU1RDlZmNedZF8wsCc6szCwJDlZmloRUHgNn\nZSmuN81SY5rdeGQFleYeu7eaej9aTbUAXBaHVVTzJRXVC0yeV029V1dTLQAvq6jeU6tZ4ktS6aW4\n3txD+W/ipbjMbEA8dMHMkuA+KzNLQip9Vg5WZjXnzMrMkuBgZWZJ8GOgmSXBbwPNLAl+DDSzJDhY\nmVkS3GdlZklwZmVmSXCwMrMkpPIY2HEpLjOb+0ouH4+kFZK2S7pP0gXt7iPptZImJb2l12vBwcqs\n9sqsGyhpHnAVsAI4Glgp6ag25T4J3NTrtVMcrMxqruQip8uAHRHxYETsBdYBp7codw7ZAqcPz+Ba\nwMHKrPae6mFrYRGws2l/Ij+2j6RFZEHo3/JDUzMRdr22Wd+D1SP9vmFJ3x10A2ZgdHRy0E3o2egt\ng25Bb0bvGnQLZk/JzKrIFKhXABdGNi2x8q3otfv0PVjt6fcNS7p10A2YAQer6tUlWD0B/Kppa2EX\nMNS0P0SWITV7NbBO0gPAW4BrJJ1W8Np9PHTBrOY6DV2Yl29Tnti/yBZgiaRh4CHgDGBlc4GI2Dez\nvaTrgG9ExAZJ87td28zByqzmysy6EBGTklYBm8ji2tqIGJd0dn5+Ta/Xtis/K6vblKrAzEopu7pN\nP+9XRulgZWbWDx66YGZJcLAysyT0LVj18g3QgUDSkKSbJd0j6W5JHxx0m4qQNE/SmKRvDLotRUg6\nXNJ6SeOStkk6ftBt6kbSRfl/F3dJ+qKkgwfdpjroS7Dq9RugA8Re4MMR8QrgeOADCbQZ4FxgGz0O\nuBugK4EbI+Io4E+Btm+DDgT5a/b3AUsj4hiyt1hnDrJNddGvzKqnb4AOBBGxOyLuzH8/TvaX6CWD\nbVVnkl4KnAJ8lqdHCR+wJD0XOCkiPgfZq+yIeHTAzermMbJ/yBbm44QWkg1utIr1K1j19A3QgSb/\n1/RY4PbBtqSrTwHnk84URYuBhyVdJ+kOSddKWjjoRnUSEXuAy4Gfkg1k/GVEfHuwraqHfgWrVB5J\n9iPpULKvxc/NM6wDkqQ3Az+PiDESyKpy84GlwDURsRT4NXDhYJvUmaSXAx8Chsky7UMlvWOgjaqJ\nfgWrnr4BOlBIOgj4MvCFiPjaoNvTxQnAafn3V18CTpZ0/YDb1M0EMBERm/P99WTB60D2GuC2iHgk\nIiaBr5D9b28V61ew2vf9kKQFZN8AbejTvWdEkoC1wLaIuGLQ7ekmIi6OiKGIWEzW4fudiHjnoNvV\nSUTsBnZKOiI/tBy4Z4BNKmI7cLykZ+X/jSwne6FhFevLt4G9fgN0gDgROAv4kaSx/NhFEXFTh2sO\nJKk8ep8D3JD/I3Y/8J4Bt6ejiNiaZ6xbyPoG7wA+M9hW1YM/tzGzJHgEu5klwcHKzJLgYGVmSXCw\nMrMkOFiZWRIcrMwsCQ5WZpYEByszS8L/AzPxs/znnLkGAAAAAElFTkSuQmCC\n",
      "text/plain": [
       "<matplotlib.figure.Figure at 0x942af28>"
      ]
     },
     "metadata": {},
     "output_type": "display_data"
    },
    {
     "data": {
      "text/plain": [
       "<matplotlib.colorbar.Colorbar instance at 0x0000000009157948>"
      ]
     },
     "execution_count": 17,
     "metadata": {},
     "output_type": "execute_result"
    },
    {
     "data": {
      "image/png": "iVBORw0KGgoAAAANSUhEUgAAASsAAAEACAYAAADrz1BBAAAABHNCSVQICAgIfAhkiAAAAAlwSFlz\nAAALEgAACxIB0t1+/AAAFjdJREFUeJzt3X+wXGV9x/H3p4RQAkFkiFiUaYAqBvwBGasMSLttM5hS\npP6sRK2FdrDjFEXb0hqc2ptxbB2L448RGaFIReKPEQikDiph8FIEC0TCzxBUAiMxIAHkR0AbkG//\nOGcvy83u2bN79ty9zz2f18yZ3N09z3OeBPLN9zn7nOeriMDMbLb7rXEPwMysDAcrM0uCg5WZJcHB\nysyS4GBlZklwsDKzJDhYmdnQJH1Z0i8k3VZwzucl/UTSLZKO6Hh/uaRN+Wf/3O9aDlZmVsX5wPJe\nH0o6Dvi9iHgZ8D7g7Pz9XYAv5G0PBVZIWlJ0IQcrMxtaRFwD/LLglBOAr+TnXg/sLenFwOuAn0bE\nvRHxNPAN4M+LruVgZWZ1eglwX8frLfl7+/d4vycHKzOrm0bRybzKo5D8cKHZGEXE0MFgmL+/A17v\n58ABHa9fSpZF7Trt/QPy93uqHKwABnkYemJigomJiRJnvm/o8fR3WekzJya2MzGxZ7mTH3pwyPGU\nMMAfx8SdMFF4q/I5O9YMN5wyvj3Aud8E3lny3N8MMZay3hEHlTpvYuIRJib2Kd/x0s1DjqiYNlTv\nI7tlVPJ62nXQ7tcCpwLfkHQk8GhE/ELSw8DLJC0GtpL9519R1NFIgpWZpeyZoVtK+jrwh8C+ku4D\n/pUsayIivhQRl0s6TtJPgSeBk/PPnpF0KvA9YBfgvIi4s+haDlZmjTd8sIqIwmwoP+fUHu9/B/hO\n2WvNeLBqtVozfclKWq354x7CwFr7jnsEgzts3AMYUKu1+7iHMEK/HvcASnGw6iPJYLVo3CMY3CvH\nPYABza1gNXxmNZP6Ll0YdEm8maXmmQGO8SnMrDqWxC8j+wryRklr+90IM7OUzI3MauAl8WaWmt8M\ncIxPv3tW3ZbKv76+4ZjZzEsjs+oXrLw63WzOmxvBavpS+a5L4jtXpLdareS+8TNLxeQTMLl91L3O\njaUL6ymxJL7c4zNmVlVrYXa0rXpgFL3OgcxqmCXxZpaaORCsYPAl8WaWmjkSrMxsrnOwMrMkOFiZ\nWRIcrMwsCWksXfAe7GaNV+1B5n6bHUh6oaQ1ed3A6yUd1vHZvZJulbRB0g1Fo3RmZdZ4lXYKLbPZ\nwRnATRHxFkmHAGfl50P2lEwrIh7pd60RBas69ks/p4Y+286rp9v19XQL1PbHMX9dPf0CvGXkK60z\nels9/WY+Vk+3J59UT78j2IO94j2rqc0OACS1NzvoDFZLgE8CRMRdkhZLWhQR2/LPSxWg8DTQrPEq\n7brQqy5gp1uAtwJIeh3wu2RVbiDLrK6UtF7SKUWj9DTQrPF6Z1aTk3cxOfnjosZlNjv4JPA5SRuA\n28jywXbke0NEbJW0CFgnaVNe5XknDlZmjdc7WLVaB9NqHTz1etWqnQqs9d3sICKeAP66/VrSPcDm\n/LOt+a/bJK0hm1Z2DVaeBpo13q8HOHYytdmBpPlkmx2s7TxB0gvyz8ineldHxHZJCyQtzN/fAziW\nLPPqypmVWeNVKsXVdbMDSX+bf/4l4FDgv/Lqz7cDf5M33w9YIwmyWLQ6Iq7odS0HK7PGq7aCvdtm\nB3mQav/8Q+CQLu3uAQ4vex0HK7PG8+M2ZpYEByszS4KDlZklIY0HmR2szBrPmZWZJcHBysyS4GBl\nZklwsDKzJHTdTWHWcbAyazxnVmaWBC9dMLMkOLMysyQ4WJlZEhyszCwJaQQr7xRq1nhjrRtY2PZ5\n/USU2e+9oAMpIl5UqY/uHqqhz7a61pV8sKZ+Aa6tp9uFN9XTL8DKmvpdUVO/UN8XY2vq6VYfhYgo\nVcqqa3spIo4a4Pzrnne9vG7gXXTUDQRWdNYNlPQfwOMR8fF23cCIWFambSdnVmaNV2kP9qm6gRHx\nNNCuG9hpCfB9yOoGAoslvahk2ykOVmaNV2kaWKVuYJm2U3yD3azxiuoGPsnk5JNFjavUDRzoHpSD\nlVnjFdUN3I1Wa7ep16tW7XQvedi6gXcDu/dr28nTQLPGqzQNHLpuYJm2nZxZmTXe8N+OV6kb2Ktt\nr2v1DVaSDgAuAF5ENsc8JyI+P/TvzsxmmfHUDezVtpcymdXTwIcj4mZJewI/krSuKAKaWUrmyK4L\nEfEA8ED+83ZJdwL7Aw5WZnNCGo/bDHTPStJi4Ajg+joGY2bjMMeCVT4FvAg4Lb+TP2Vi4rmXrdZ8\nWq35IxugmT1ncjNM3jPqXudQsJK0K3AxcGFEXDr984mJPUc9LjPronVQdrStumoUvc6RYCVJwHnA\nxoj4bP1DMrMZFWkUjCizKPRo4D3AH0nakB/Lax6Xmc2UZwc4xqjMt4E/wCvdzeauHeMeQDlewW7W\ndGPOmMpysDJrujRuWTlYmTWeMyszS4IzKzNLgoOVmSXh6XEPoJzRBKuHHhxJN8+zfvRdTlleVxWa\nGnfO+dbQBUwK7bG9/znD+upH6+n3rXvX0y/w/B3BR+jST9bT70gkkll5/ZRZ01VcFFqibuC+kr4r\n6WZJt0s6qeOzeyXdmi82v6FomJ4GmjVdhcwqr/33BTpq/0laO22/u1OBDRGxUtK+wF2SLoyIZ8g2\n9GxFxCP9ruXMyqzpqmVWZWr/3Q/slf+8F/BwHqjaSt3jcLAya7rfDHDsrEztv3OBwyRtJasheFrH\nZwFcKWl9XkyiJ08DzZquYBo4eQNM3ljYukztvzOAmyOiJelgYJ2k1+Qluo6OiPslLcrf3xQR13Tr\nxMHKrOkKli60jsiOtlVn73RK37qBwFHAJwAi4u68buAhwPqIuD9/f5ukNWTTyq7BytNAs6arNg0s\nU/tvE9kNeCTtRxaoNktaIGlh/v4ewLFkFZu7cmZl1nQVng0sWTfw34DzJd1CliD9U0Q8Iukg4JJs\nf0/mAasj4ope13KwMmu6iotCS9QNfAh4U5d2m4HDy17Hwcqs6bzrgpklIZHHbRyszJrOwcrMktCo\nXRfMLF3OrMwsCb7BbmZJcGZlZklwZmVmSXBmZWZJcLAysyR46YKZJcGZlZkloVE32N83kl6e75wa\n+pxybT3d1lQuC4B3lNmQcXBP7lfjmL9RU7+tlTV1DFz777V0++ZDaukWTh5BH4lkVt58z6zpxluK\nq7BtJwcrs6arsFNoRymu5cChwApJS6ad1i7FdTjQAj4taV7JtlMcrMyartq2xlVKcZVpO8U32M2a\nrtrShW6luF4/7ZxzgavyUlwLgb8YoO0UZ1ZmTVftntUgpbj2J9vG+Kx2oYhBOLMya7qiuoF3Z0eB\nKqW4tpRoO6VUsMpvhK0HtkTEThu/m1nCCoJVa3F2tK1at9MpU6W4gK1kpbhWTDunXYrr2s5SXMDj\nJdpOKZtZnQZsJJtvmtlcMqZSXADd2va6Vt9gJemlwHFkadzfD//bMrNZaUyluHq17aVMZvUZ4HSe\n++rRzOaSufAgs6TjgQcjYoOkVq/zJjoSt9a+0Fo0quGZWafJTdkxUok8btMvszoKOEHSccBvA3tJ\nuiAi3tt50kTPNadmNkqtV2RH26rLRtBpIg8yF66ziogzIuKAiDgQOBG4anqgMrPEVVvBPmMGXWdV\nz6P/ZjY+c2QaOCUirgaurnEsZjYOiUwDvYLdrOnmWmZlZnPUXFi6YGYN4MzKzJLge1ZmlgRnVmaW\nhESClSKqLZ2SFP83osF0mr9nDZ3WbI/t9fX95H41dfxAjUvnfllP5Zxj9qmlWwCu+VRNHZ/+/lq6\nlc4mIob+g5YU8Z4Bzr+QSterwpmVWdMlklk5WJk1XSJLF7wHu1nTVXw2sETdwH+UtCE/bpP0jKS9\n88/ulXRr/tkNRcN0ZmXWdBWWLnTU/ltGth/7jZLWdu74GRFnAmfm5x8PfCgiHm1/DLTaO4cWcWZl\n1nT11w3s9C7g69PeK3XD3sHKrOmqBatutf9e0u1ESQuANwIXd7wdwJWS1ks6pWiYngaaNV21FeyD\nrH15E/CDjikgwNERcb+kRcA6SZsi4ppujR2szJquqG7gIzD5y8LWZeoGtp3ItClgRNyf/7pN0hqy\naaWDlZl1UbB0obUwO9pW3bPTKWXqBiLpBcAfkN2zar+3ANglIp6QtAdwLLCq11gcrMyarsKi0JJ1\nAwHeDHwvIn7V0Xw/YI0kyGLR6oi4ote1HKzMmq7irgv96gbmr78CfGXae/cAh5e9joOVWdP5cRsz\nS4KDlZklwZvvmVkSnFmZWRIS2XXBwcqs6ZxZmVkSfM/KzJLgzMrMkuBgZWZJaNI08Nuj6GSat9RY\nKUafqKffr360nn6BbEuzOtRUgQaAF9ZTOeeab9c45n+oqd9FZ9fU8QjsGPcAynFmZdZ0TcqszCxh\nvmdlZklwZmVmSUgks3LBCLOmG2/dwMK2nRyszJru2QGOaTrqBi4HDgVWSFrSeU5EnBkRR0TEEcBK\nYDIiHi3TtlPfYCVpb0kXSbpT0kZJR/ZrY2YJ2THAsbMqdQMHalsms/occHlELAFeDdzZ53wzS0mF\nzIpqdQNLt4U+N9jzihTHRMRfQbY5PPBYURszS0vR/fVJ4Ori5lXqBg60arjft4EHAtsknQ+8BvgR\ncFpEPDXIRcxs9ioKVsfkR9vHdz6lSt3AQdr2nQbOA5YCX4yIpcCTwEf6tDGzhFSbBT5XN1DSfLK6\ngWunn9RRN/CyQdu29custgBbIuLG/PVFdAlW3+z4+TDglX06NbPhTG7KjlGqssyqSt3AXm17Xasw\nWEXEA5Luk/TyiPgxsAy4Y/p57xzs92dmQ2q9IjvaVl3W+9yyqi5gH7ZuYK+2vZRZwf4BYHWept0N\nnFymYzNLQyKbLvQPVhFxC/D7MzAWMxuDRB4N9LOBZk2XyKOBDlZmTedgZWZJ8DTQzJLgzMrMkuDM\nysySMGeWLpjZ3NaozKqOOa/eVkOnbSvq6fate9fTLwCtlbV0e4z+vZZ+ocaSWX9WT4kvgB3H1zPm\nq2bxUmrfszKzJDhYmVkSGjUNNLN0ObMysyQ4szKzJKSydMGluMwaruJOoaVq/0lq5XUDb5c02fH+\nvZJuzT+7oWiczqzMGq7KPauO2n/LyPZUv1HS2s4dP/OCpmcBb4yILZL27egigFZEPNLvWs6szBqu\nYkHmMrX/3gVcHBFbACLioWmfl1rc5mBl1nAVp4Flav+9DNhH0vclrZf0lx2fBXBl/v4pReP0NNCs\n4YqmgbcCtxU3L/M4wa5kVbL+BFgA/FDS/0bET4A3RMRWSYuAdZI2RcQ13TpxsDJruKcLPluSH21f\n2/mUMrX/7gMeyivb/ErS/5DVIf1JRGwFiIhtktaQTSu7BitPA80aruI9qzK1/y4D3iBpl7yE/OuB\njZIWSFoIIGkP4FgKEjlnVmYNV2VRaJm6gRGxSdJ3yWaVzwLnRsRGSQcBl0iCLBatjogrel3Lwcqs\n4ao+blOybuCZwJnT3tsMHF72Og5WZg3nZwPNLAl+NtDMkuDMysySULR0YTZxsDJrOGdWZpYE37My\nsySkklkpolqlEEkRcdCIhtPpYzX0mbvzpHr6vaCebgE4vqZ+r6upX4Dz6ul2x1319Aswv+Lfh972\nq6VX6UEiYuiSPJLiswOc/yGodL0qnFmZNZyngWaWhFSmgQ5WZg3npQtmlgRnVmaWBN+zMrMkpJJZ\n9d18T9JKSXdIuk3S1yTtNhMDM7OZUXHzvaqluPq2bSsMVpIWA6cASyPiVWSba51Y1MbM0lKlYERH\nKa7lwKHACklLpp3TLsX1poh4JfD2sm079cusHif7smCBpHlkm73/vE8bM0vIGEtxlWk7pTBY5YUH\nPw38DNgKPBoRVxa1MbO0PD3A0UWVUlxl2k4pvMEu6WCyFfaLgceAb0l6d0Ss7jxvYuK5Yqqt1u60\nWrsXdWtmQ5qc3MHk5I6R9lnxBvvQpbhKtp3S79vA1wLXRcTDAJIuAY4CpgWrfQa5ppkNqdWaT6s1\nf+r1qlVPVe6zaOnCFvre96lSimtLibZT+t2z2gQcKWl3ZSUolgEb+7Qxs4QU3aP6HbKMpX10MXQp\nrpJtpxRmVhFxi6QL8k6fBW4CzilqY2ZpqTINrFKKC6Bb217X6rsoNCI+BXyqwu/HzGaxqivYhy3F\n1attL17BbtZwqaxgd7AyazjvumBmSXBmZWZJ8K4LZpYEZ1ZmlgQHKzNLQrOmgUs3j6Sb5zn5pNH3\n2fZEPd1e+sl6+gV48yE1dXz6+2vqGFh0di3dXnVyLd0CsLymklnwi5r6rV4Vy5mVmSXBSxfMLAnO\nrMwsCc26Z2VmyXJmZWZJcLAysyR4GmhmSUjl28C+dQPNbG6ru25gXjPwsbxu4AZJ/9Lx2b2Sbs3f\nv6FonM6szBquyj2rjtp/y8j2Y79R0touO35eHREndOkigFZeSauQMyuzhqtS5JTytf+KltqXWobv\nYGXWcBWngWVq/wVwlKRbJF0u6dBpn12Z1xM8pWicngaaNdwM1A28CTggIp6S9KfApcDL88+Ojoj7\nJS0C1knaFBHXdOvEmZVZwxVN+7YD2zqOLvrWDYyIJyLiqfzn7wC7Stonf31//us2YA3ZtLIrByuz\nhisqF78rsFfH0UXf2n+S9svrjiLpdYAi4hFJCyQtzN/fAzgWuK3XOD0NNGu4uusGAm8H3i/pGeAp\n4MS8+YuBS/I4Ng9YHRFX9LqWg5VZw1V93KZf3cCIOAs4q0u7zcDhZa/jYGXWcKk8bjPj96wma9ql\nsy6TNWyCWrfJTeMeweBSG/Pk5I5xD2Fkqq5gnykzH6y2z/QVq5m8Z9wjGFxqf/EhvTE7WM08TwPN\nGi6VaaCDlVnDpbLrgiLKLEAt6ECq1oGZVRIRQ5e4Gebvb5XrVVE5WJmZzQSvYDezJDhYmVkSZixY\n9dtNcLaRdICk70u6Q9Ltkj447jGVIWmXfNfF/x73WMqQtLekiyTdKWmjpCPHPaZ+JK3M/7+4TdLX\nJO027jE1wYwEq47dBJcDhwIrJC2ZiWtX8DTw4Yg4DDgS+LsExgxwGrCRclt3zAafAy6PiCXAq4Hp\nO0zOKpIWA6cASyPiVWTPw51Y1MZGY6Yyq7K7Cc4aEfFARNyc/7yd7C/R/uMdVTFJLwWOA/6Tkrsv\njpOkFwDHRMSXIXsoNiIeG/Ow+nmc7B+yBZLmAQvItkmxms1UsCqzm+Cslf9regRw/XhH0tdngNNJ\nZ53fgcA2SedLuknSuZIWjHtQRfK9wj8N/AzYCjwaEVeOd1TNMFPBKpUpyU4k7QlcBJyWZ1izkqTj\ngQcjYgMJZFW5ecBS4IsRsRR4EvjIeIdUTNLBwIeAxWSZ9p6S3j3WQTXETAWrvrsJzkaSdgUuBi6M\niEvHPZ4+jgJOkHQP8HXgjyVdMOYx9bMF2BIRN+avLyILXrPZa4HrIuLhiHgGuITsz95qNlPBqu9u\ngrNNvrPhecDGiPjsuMfTT0ScEREHRMSBZDd8r4qI9457XEUi4gHgPknt/biXAXeMcUhlbAKOlLR7\n/v/IMrIvNKxmM/JsYK/dBGfi2hUcDbwHuFXShvy9lRHx3TGOaRCpTL0/AKzO/xG7Gzh5zOMpFBG3\n5BnrerJ7gzcB54x3VM3gx23MLAlewW5mSXCwMrMkOFiZWRIcrMwsCQ5WZpYEByszS4KDlZklwcHK\nzJLw/+0U/ExEQAOZAAAAAElFTkSuQmCC\n",
      "text/plain": [
       "<matplotlib.figure.Figure at 0xb192c50>"
      ]
     },
     "metadata": {},
     "output_type": "display_data"
    }
   ],
   "source": [
    "# np.cov - np.corrcoef - scipy.corrcoef - np.linalg.inv\n",
    "\n",
    "# Correlation matrix check. Using uniform random numbers and computing the correlation, we should fine that \n",
    "# there is very small correlation, and that it approaches 0 as the vector length tends to a large N.\n",
    "# This is what is found in the below test. \n",
    "\n",
    "# GRID = [[] for x in xrange(5)]\n",
    "# for q in range(5):\n",
    "#     for j in range(0,50):\n",
    "#         GRID[q].append(rn.uniform(1,10))\n",
    "# print np.corrcoef(GRID)\n",
    "\n",
    "\n",
    "# Segmentation variable are defined here. A lower and upper segmentation are defined here and the for-loop iterates through\n",
    "# the multi-channel list and takes the desired values and allocates them to the SEG_DATA. \n",
    "\n",
    "# MIN = 0 # Segmentation start point in current channel\n",
    "# MAX = 20 # Segmentation end point in current channel\n",
    "# RANGE = MAX - MIN\n",
    "# CH_S = 10 # Beginning channel to be iterated over. \n",
    "# CH_E = 20 # End channel to be iterated over\n",
    "# CH_T = CH_E - CH_S\n",
    "# count = 0 # start value of counter\n",
    "# SEG_DATA = [[] for x in range(CH_T)]\n",
    "# LENGTH = len(SEG_DATA)\n",
    "\n",
    "# for x in range(LENGTH):\n",
    "#     for y in range(LENGTH):\n",
    "#         SEG_DATA[x].append(multi_channel[x][y])\n",
    "\n",
    "# print multi_channelex1\n",
    "# print multi_channelex3\n",
    "\n",
    "# SEG_EX1 = [[] for x in range(0,10)]\n",
    "# SEG_EX3 = [[] for x in range(0,10)]\n",
    "\n",
    "# count = 0\n",
    "# for i in range(len(SEG_EX1)):\n",
    "#     for j in range(count*10,(10+count*10)):\n",
    "#         SEG_EX1[i].append(multi_channelex1[i][])\n",
    "\n",
    "# COR = np.corrcoef(multi_channel)\n",
    "# COV = np.cov(multi_channel)\n",
    "# INV = np.linalg.inv(COR)\n",
    "\n",
    "COR1 = np.corrcoef(multi_channelex1)\n",
    "COR3 = np.corrcoef(multi_channelex3)\n",
    "# print COR3\n",
    "# print \n",
    "# print COR1\n",
    "# count = 0\n",
    "# ITER = 4\n",
    "# cov = [[] for x in xrange(5)]\n",
    "\n",
    "# for x in range(ITER):\n",
    "#     for y in range(5):\n",
    "#         for z in range(count,count+20):\n",
    "#             cov[y].append(multi_channel[y][z])\n",
    "#     count = count + 20\n",
    "#     COR = np.corrcoef(cov)\n",
    "#     INV = np.linalg.inv(COR)\n",
    "#     plasma = plt.get_cmap('hot')\n",
    "#     cmap2 = mpl.colors.LinearSegmentedColormap.from_list('my_colormap', ['blue','red','black'], 256)\n",
    "#     img2 = plt.imshow(INV,interpolation='nearest', cmap = plasma)\n",
    "#     plt.colorbar(img2,cmap=cmap2)\n",
    "#     plt.show()\n",
    "#     cov = [[] for x in xrange(5)]\n",
    "\n",
    "        \n",
    "\n",
    "# Plot of correlation coefficeint map\n",
    "plasma = plt.get_cmap('hot')\n",
    "cmap2 = mpl.colors.LinearSegmentedColormap.from_list('my_colormap', ['blue','red','black'], 256)\n",
    "img2 = plt.imshow(COR1,interpolation='nearest', cmap = plasma)#origin='lower'\n",
    "plt.colorbar(img2,cmap=cmap2)\n",
    "plt.show()\n",
    "plasma = plt.get_cmap('hot')\n",
    "cmap2 = mpl.colors.LinearSegmentedColormap.from_list('my_colormap', ['blue','red','black'], 256)\n",
    "img2 = plt.imshow(COR3,interpolation='nearest', cmap = plasma)#origin='lower'\n",
    "plt.colorbar(img2,cmap=cmap2)"
   ]
  },
  {
   "cell_type": "code",
   "execution_count": 97,
   "metadata": {
    "collapsed": false
   },
   "outputs": [
    {
     "name": "stdout",
     "output_type": "stream",
     "text": [
      "50\n"
     ]
    },
    {
     "data": {
